ISO-10303-21;
HEADER;
/* Generated by software containing ST-Developer
 * from STEP Tools, Inc. (www.steptools.com) 
 */

FILE_DESCRIPTION(
/* description */ ('NOT SPECIFIED'),
/* implementation_level */ '2;1');

FILE_NAME(
/* name */ 'MC.step',
/* time_stamp */ '2025-09-22T16:06:23-04:00',
/* author */ (''),
/* organization */ (''),
/* preprocessor_version */ 'ST-DEVELOPER v20.1',
/* originating_system */ 'Autodesk Translation Framework v14.17.0.0',
/* authorisation */ '');

FILE_SCHEMA (('AUTOMOTIVE_DESIGN { 1 0 10303 214 3 1 1 }'));
ENDSEC;

DATA;
#10=MECHANICAL_DESIGN_GEOMETRIC_PRESENTATION_REPRESENTATION('',(#309,#310,
#311,#312,#313,#314,#315,#316,#317,#318,#319,#320,#321,#322,#323,#324,#325,
#326,#327),#56504);
#11=ITEM_DEFINED_TRANSFORMATION($,$,#35748,#35906);
#12=ITEM_DEFINED_TRANSFORMATION($,$,#35764,#35907);
#13=ITEM_DEFINED_TRANSFORMATION($,$,#35783,#35908);
#14=ITEM_DEFINED_TRANSFORMATION($,$,#35798,#35909);
#15=ITEM_DEFINED_TRANSFORMATION($,$,#35814,#35910);
#16=ITEM_DEFINED_TRANSFORMATION($,$,#35829,#35911);
#17=ITEM_DEFINED_TRANSFORMATION($,$,#35847,#35912);
#18=ITEM_DEFINED_TRANSFORMATION($,$,#35862,#35913);
#19=ITEM_DEFINED_TRANSFORMATION($,$,#35877,#35914);
#20=ITEM_DEFINED_TRANSFORMATION($,$,#35891,#35915);
#21=ITEM_DEFINED_TRANSFORMATION($,$,#33332,#36019);
#22=ITEM_DEFINED_TRANSFORMATION($,$,#34580,#36020);
#23=ITEM_DEFINED_TRANSFORMATION($,$,#34846,#36021);
#24=ITEM_DEFINED_TRANSFORMATION($,$,#35916,#36022);
#25=ITEM_DEFINED_TRANSFORMATION($,$,#35943,#36023);
#26=ITEM_DEFINED_TRANSFORMATION($,$,#35970,#36024);
#27=ITEM_DEFINED_TRANSFORMATION($,$,#35699,#36025);
#28=ITEM_DEFINED_TRANSFORMATION($,$,#35993,#36026);
#29=ITEM_DEFINED_TRANSFORMATION($,$,#35724,#36027);
#30=ITEM_DEFINED_TRANSFORMATION($,$,#35747,#36028);
#31=ITEM_DEFINED_TRANSFORMATION($,$,#35916,#36029);
#32=ITEM_DEFINED_TRANSFORMATION($,$,#35916,#36030);
#33=ITEM_DEFINED_TRANSFORMATION($,$,#35916,#36031);
#34=ITEM_DEFINED_TRANSFORMATION($,$,#35943,#36032);
#35=ITEM_DEFINED_TRANSFORMATION($,$,#35943,#36033);
#36=ITEM_DEFINED_TRANSFORMATION($,$,#35970,#36034);
#37=ITEM_DEFINED_TRANSFORMATION($,$,#35970,#36035);
#38=ITEM_DEFINED_TRANSFORMATION($,$,#35970,#36036);
#39=ITEM_DEFINED_TRANSFORMATION($,$,#35970,#36037);
#40=ITEM_DEFINED_TRANSFORMATION($,$,#35993,#36038);
#41=ITEM_DEFINED_TRANSFORMATION($,$,#35993,#36039);
#42=ITEM_DEFINED_TRANSFORMATION($,$,#35993,#36040);
#43=ITEM_DEFINED_TRANSFORMATION($,$,#33331,#36041);
#44=(
REPRESENTATION_RELATIONSHIP($,$,#56594,#56593)
REPRESENTATION_RELATIONSHIP_WITH_TRANSFORMATION(#11)
SHAPE_REPRESENTATION_RELATIONSHIP()
);
#45=(
REPRESENTATION_RELATIONSHIP($,$,#56595,#56593)
REPRESENTATION_RELATIONSHIP_WITH_TRANSFORMATION(#12)
SHAPE_REPRESENTATION_RELATIONSHIP()
);
#46=(
REPRESENTATION_RELATIONSHIP($,$,#56596,#56593)
REPRESENTATION_RELATIONSHIP_WITH_TRANSFORMATION(#13)
SHAPE_REPRESENTATION_RELATIONSHIP()
);
#47=(
REPRESENTATION_RELATIONSHIP($,$,#56597,#56593)
REPRESENTATION_RELATIONSHIP_WITH_TRANSFORMATION(#14)
SHAPE_REPRESENTATION_RELATIONSHIP()
);
#48=(
REPRESENTATION_RELATIONSHIP($,$,#56598,#56593)
REPRESENTATION_RELATIONSHIP_WITH_TRANSFORMATION(#15)
SHAPE_REPRESENTATION_RELATIONSHIP()
);
#49=(
REPRESENTATION_RELATIONSHIP($,$,#56599,#56593)
REPRESENTATION_RELATIONSHIP_WITH_TRANSFORMATION(#16)
SHAPE_REPRESENTATION_RELATIONSHIP()
);
#50=(
REPRESENTATION_RELATIONSHIP($,$,#56600,#56593)
REPRESENTATION_RELATIONSHIP_WITH_TRANSFORMATION(#17)
SHAPE_REPRESENTATION_RELATIONSHIP()
);
#51=(
REPRESENTATION_RELATIONSHIP($,$,#56601,#56593)
REPRESENTATION_RELATIONSHIP_WITH_TRANSFORMATION(#18)
SHAPE_REPRESENTATION_RELATIONSHIP()
);
#52=(
REPRESENTATION_RELATIONSHIP($,$,#56602,#56593)
REPRESENTATION_RELATIONSHIP_WITH_TRANSFORMATION(#19)
SHAPE_REPRESENTATION_RELATIONSHIP()
);
#53=(
REPRESENTATION_RELATIONSHIP($,$,#56603,#56593)
REPRESENTATION_RELATIONSHIP_WITH_TRANSFORMATION(#20)
SHAPE_REPRESENTATION_RELATIONSHIP()
);
#54=(
REPRESENTATION_RELATIONSHIP($,$,#56588,#56587)
REPRESENTATION_RELATIONSHIP_WITH_TRANSFORMATION(#21)
SHAPE_REPRESENTATION_RELATIONSHIP()
);
#55=(
REPRESENTATION_RELATIONSHIP($,$,#56589,#56587)
REPRESENTATION_RELATIONSHIP_WITH_TRANSFORMATION(#22)
SHAPE_REPRESENTATION_RELATIONSHIP()
);
#56=(
REPRESENTATION_RELATIONSHIP($,$,#56590,#56587)
REPRESENTATION_RELATIONSHIP_WITH_TRANSFORMATION(#23)
SHAPE_REPRESENTATION_RELATIONSHIP()
);
#57=(
REPRESENTATION_RELATIONSHIP($,$,#56604,#56587)
REPRESENTATION_RELATIONSHIP_WITH_TRANSFORMATION(#24)
SHAPE_REPRESENTATION_RELATIONSHIP()
);
#58=(
REPRESENTATION_RELATIONSHIP($,$,#56605,#56587)
REPRESENTATION_RELATIONSHIP_WITH_TRANSFORMATION(#25)
SHAPE_REPRESENTATION_RELATIONSHIP()
);
#59=(
REPRESENTATION_RELATIONSHIP($,$,#56606,#56587)
REPRESENTATION_RELATIONSHIP_WITH_TRANSFORMATION(#26)
SHAPE_REPRESENTATION_RELATIONSHIP()
);
#60=(
REPRESENTATION_RELATIONSHIP($,$,#56591,#56587)
REPRESENTATION_RELATIONSHIP_WITH_TRANSFORMATION(#27)
SHAPE_REPRESENTATION_RELATIONSHIP()
);
#61=(
REPRESENTATION_RELATIONSHIP($,$,#56607,#56587)
REPRESENTATION_RELATIONSHIP_WITH_TRANSFORMATION(#28)
SHAPE_REPRESENTATION_RELATIONSHIP()
);
#62=(
REPRESENTATION_RELATIONSHIP($,$,#56592,#56587)
REPRESENTATION_RELATIONSHIP_WITH_TRANSFORMATION(#29)
SHAPE_REPRESENTATION_RELATIONSHIP()
);
#63=(
REPRESENTATION_RELATIONSHIP($,$,#56593,#56587)
REPRESENTATION_RELATIONSHIP_WITH_TRANSFORMATION(#30)
SHAPE_REPRESENTATION_RELATIONSHIP()
);
#64=(
REPRESENTATION_RELATIONSHIP($,$,#56604,#56587)
REPRESENTATION_RELATIONSHIP_WITH_TRANSFORMATION(#31)
SHAPE_REPRESENTATION_RELATIONSHIP()
);
#65=(
REPRESENTATION_RELATIONSHIP($,$,#56604,#56587)
REPRESENTATION_RELATIONSHIP_WITH_TRANSFORMATION(#32)
SHAPE_REPRESENTATION_RELATIONSHIP()
);
#66=(
REPRESENTATION_RELATIONSHIP($,$,#56604,#56587)
REPRESENTATION_RELATIONSHIP_WITH_TRANSFORMATION(#33)
SHAPE_REPRESENTATION_RELATIONSHIP()
);
#67=(
REPRESENTATION_RELATIONSHIP($,$,#56605,#56587)
REPRESENTATION_RELATIONSHIP_WITH_TRANSFORMATION(#34)
SHAPE_REPRESENTATION_RELATIONSHIP()
);
#68=(
REPRESENTATION_RELATIONSHIP($,$,#56605,#56587)
REPRESENTATION_RELATIONSHIP_WITH_TRANSFORMATION(#35)
SHAPE_REPRESENTATION_RELATIONSHIP()
);
#69=(
REPRESENTATION_RELATIONSHIP($,$,#56606,#56587)
REPRESENTATION_RELATIONSHIP_WITH_TRANSFORMATION(#36)
SHAPE_REPRESENTATION_RELATIONSHIP()
);
#70=(
REPRESENTATION_RELATIONSHIP($,$,#56606,#56587)
REPRESENTATION_RELATIONSHIP_WITH_TRANSFORMATION(#37)
SHAPE_REPRESENTATION_RELATIONSHIP()
);
#71=(
REPRESENTATION_RELATIONSHIP($,$,#56606,#56587)
REPRESENTATION_RELATIONSHIP_WITH_TRANSFORMATION(#38)
SHAPE_REPRESENTATION_RELATIONSHIP()
);
#72=(
REPRESENTATION_RELATIONSHIP($,$,#56606,#56587)
REPRESENTATION_RELATIONSHIP_WITH_TRANSFORMATION(#39)
SHAPE_REPRESENTATION_RELATIONSHIP()
);
#73=(
REPRESENTATION_RELATIONSHIP($,$,#56607,#56587)
REPRESENTATION_RELATIONSHIP_WITH_TRANSFORMATION(#40)
SHAPE_REPRESENTATION_RELATIONSHIP()
);
#74=(
REPRESENTATION_RELATIONSHIP($,$,#56607,#56587)
REPRESENTATION_RELATIONSHIP_WITH_TRANSFORMATION(#41)
SHAPE_REPRESENTATION_RELATIONSHIP()
);
#75=(
REPRESENTATION_RELATIONSHIP($,$,#56607,#56587)
REPRESENTATION_RELATIONSHIP_WITH_TRANSFORMATION(#42)
SHAPE_REPRESENTATION_RELATIONSHIP()
);
#76=(
REPRESENTATION_RELATIONSHIP($,$,#56587,#56586)
REPRESENTATION_RELATIONSHIP_WITH_TRANSFORMATION(#43)
SHAPE_REPRESENTATION_RELATIONSHIP()
);
#77=CONTEXT_DEPENDENT_SHAPE_REPRESENTATION(#44,#56549);
#78=CONTEXT_DEPENDENT_SHAPE_REPRESENTATION(#45,#56550);
#79=CONTEXT_DEPENDENT_SHAPE_REPRESENTATION(#46,#56551);
#80=CONTEXT_DEPENDENT_SHAPE_REPRESENTATION(#47,#56552);
#81=CONTEXT_DEPENDENT_SHAPE_REPRESENTATION(#48,#56553);
#82=CONTEXT_DEPENDENT_SHAPE_REPRESENTATION(#49,#56554);
#83=CONTEXT_DEPENDENT_SHAPE_REPRESENTATION(#50,#56555);
#84=CONTEXT_DEPENDENT_SHAPE_REPRESENTATION(#51,#56556);
#85=CONTEXT_DEPENDENT_SHAPE_REPRESENTATION(#52,#56557);
#86=CONTEXT_DEPENDENT_SHAPE_REPRESENTATION(#53,#56558);
#87=CONTEXT_DEPENDENT_SHAPE_REPRESENTATION(#54,#56563);
#88=CONTEXT_DEPENDENT_SHAPE_REPRESENTATION(#55,#56564);
#89=CONTEXT_DEPENDENT_SHAPE_REPRESENTATION(#56,#56565);
#90=CONTEXT_DEPENDENT_SHAPE_REPRESENTATION(#57,#56566);
#91=CONTEXT_DEPENDENT_SHAPE_REPRESENTATION(#58,#56567);
#92=CONTEXT_DEPENDENT_SHAPE_REPRESENTATION(#59,#56568);
#93=CONTEXT_DEPENDENT_SHAPE_REPRESENTATION(#60,#56569);
#94=CONTEXT_DEPENDENT_SHAPE_REPRESENTATION(#61,#56570);
#95=CONTEXT_DEPENDENT_SHAPE_REPRESENTATION(#62,#56571);
#96=CONTEXT_DEPENDENT_SHAPE_REPRESENTATION(#63,#56572);
#97=CONTEXT_DEPENDENT_SHAPE_REPRESENTATION(#64,#56573);
#98=CONTEXT_DEPENDENT_SHAPE_REPRESENTATION(#65,#56574);
#99=CONTEXT_DEPENDENT_SHAPE_REPRESENTATION(#66,#56575);
#100=CONTEXT_DEPENDENT_SHAPE_REPRESENTATION(#67,#56576);
#101=CONTEXT_DEPENDENT_SHAPE_REPRESENTATION(#68,#56577);
#102=CONTEXT_DEPENDENT_SHAPE_REPRESENTATION(#69,#56578);
#103=CONTEXT_DEPENDENT_SHAPE_REPRESENTATION(#70,#56579);
#104=CONTEXT_DEPENDENT_SHAPE_REPRESENTATION(#71,#56580);
#105=CONTEXT_DEPENDENT_SHAPE_REPRESENTATION(#72,#56581);
#106=CONTEXT_DEPENDENT_SHAPE_REPRESENTATION(#73,#56582);
#107=CONTEXT_DEPENDENT_SHAPE_REPRESENTATION(#74,#56583);
#108=CONTEXT_DEPENDENT_SHAPE_REPRESENTATION(#75,#56584);
#109=CONTEXT_DEPENDENT_SHAPE_REPRESENTATION(#76,#56585);
#110=NEXT_ASSEMBLY_USAGE_OCCURRENCE('BODY1-8073:1','BODY1-8073:1',
'BODY1-8073:1',#56616,#56617,'BODY1-8073:1');
#111=NEXT_ASSEMBLY_USAGE_OCCURRENCE('BODY2-8074:1','BODY2-8074:1',
'BODY2-8074:1',#56616,#56618,'BODY2-8074:1');
#112=NEXT_ASSEMBLY_USAGE_OCCURRENCE('BODY3-8075:1','BODY3-8075:1',
'BODY3-8075:1',#56616,#56619,'BODY3-8075:1');
#113=NEXT_ASSEMBLY_USAGE_OCCURRENCE('BODY4-8076:1','BODY4-8076:1',
'BODY4-8076:1',#56616,#56620,'BODY4-8076:1');
#114=NEXT_ASSEMBLY_USAGE_OCCURRENCE('BODY5-8077:1','BODY5-8077:1',
'BODY5-8077:1',#56616,#56621,'BODY5-8077:1');
#115=NEXT_ASSEMBLY_USAGE_OCCURRENCE('BODY6-8078:1','BODY6-8078:1',
'BODY6-8078:1',#56616,#56622,'BODY6-8078:1');
#116=NEXT_ASSEMBLY_USAGE_OCCURRENCE('BODY7-8079:1','BODY7-8079:1',
'BODY7-8079:1',#56616,#56623,'BODY7-8079:1');
#117=NEXT_ASSEMBLY_USAGE_OCCURRENCE('BODY8-8080:1','BODY8-8080:1',
'BODY8-8080:1',#56616,#56624,'BODY8-8080:1');
#118=NEXT_ASSEMBLY_USAGE_OCCURRENCE('BODY9-8081:1','BODY9-8081:1',
'BODY9-8081:1',#56616,#56625,'BODY9-8081:1');
#119=NEXT_ASSEMBLY_USAGE_OCCURRENCE('BODY10-8082:1','BODY10-8082:1',
'BODY10-8082:1',#56616,#56626,'BODY10-8082:1');
#120=NEXT_ASSEMBLY_USAGE_OCCURRENCE('18250_X2_4E3B4F53_X0__SW:1',
'18250_X2_4E3B4F53_X0__SW:1','18250_X2_4E3B4F53_X0__SW:1',#56610,#56611,
'18250_X2_4E3B4F53_X0__SW:1');
#121=NEXT_ASSEMBLY_USAGE_OCCURRENCE('18250_X2_5E9576D6_X0__SW:1',
'18250_X2_5E9576D6_X0__SW:1','18250_X2_5E9576D6_X0__SW:1',#56610,#56612,
'18250_X2_5E9576D6_X0__SW:1');
#122=NEXT_ASSEMBLY_USAGE_OCCURRENCE('18250_X2_5BFC70ED5757_X0__SW:1',
'18250_X2_5BFC70ED5757_X0__SW:1','18250_X2_5BFC70ED5757_X0__SW:1',#56610,
#56613,'18250_X2_5BFC70ED5757_X0__SW:1');
#123=NEXT_ASSEMBLY_USAGE_OCCURRENCE('GB_X2_2571_X0_T_70_1-200-448916:1',
'GB_X2_2571_X0_T_70_1-200-448916:1','GB_X2_2571_X0_T_70_1-200-448916:1',
#56610,#56627,'GB_X2_2571_X0_T_70_1-200-448916:1');
#124=NEXT_ASSEMBLY_USAGE_OCCURRENCE('GB_X2_2571_X0_T_70_1-200-448917:1',
'GB_X2_2571_X0_T_70_1-200-448917:1','GB_X2_2571_X0_T_70_1-200-448917:1',
#56610,#56628,'GB_X2_2571_X0_T_70_1-200-448917:1');
#125=NEXT_ASSEMBLY_USAGE_OCCURRENCE('7AWG_X2_62A47EBF73AF_X0_:1',
'7AWG_X2_62A47EBF73AF_X0_:1','7AWG_X2_62A47EBF73AF_X0_:1',#56610,#56629,
'7AWG_X2_62A47EBF73AF_X0_:1');
#126=NEXT_ASSEMBLY_USAGE_OCCURRENCE('_X2_4FE153F77EBF784580F65957_X0:1',
'_X2_4FE153F77EBF784580F65957_X0:1','_X2_4FE153F77EBF784580F65957_X0:1',
#56610,#56614,'_X2_4FE153F77EBF784580F65957_X0:1');
#127=NEXT_ASSEMBLY_USAGE_OCCURRENCE('GB_X2_2571_X0_T_70_1-200-448919:1',
'GB_X2_2571_X0_T_70_1-200-448919:1','GB_X2_2571_X0_T_70_1-200-448919:1',
#56610,#56630,'GB_X2_2571_X0_T_70_1-200-448919:1');
#128=NEXT_ASSEMBLY_USAGE_OCCURRENCE('_X2_7F167801566862A47EBF73AF_X0:1',
'_X2_7F167801566862A47EBF73AF_X0:1','_X2_7F167801566862A47EBF73AF_X0:1',
#56610,#56615,'_X2_7F167801566862A47EBF73AF_X0:1');
#129=NEXT_ASSEMBLY_USAGE_OCCURRENCE('7AWG_STP_ASM:1','7AWG_STP_ASM:1',
'7AWG_STP_ASM:1',#56610,#56616,'7AWG_STP_ASM:1');
#130=NEXT_ASSEMBLY_USAGE_OCCURRENCE('GB_X2_2571_X0_T_70_1-200-448916:2',
'GB_X2_2571_X0_T_70_1-200-448916:2','GB_X2_2571_X0_T_70_1-200-448916:2',
#56610,#56627,'GB_X2_2571_X0_T_70_1-200-448916:2');
#131=NEXT_ASSEMBLY_USAGE_OCCURRENCE('GB_X2_2571_X0_T_70_1-200-448916:3',
'GB_X2_2571_X0_T_70_1-200-448916:3','GB_X2_2571_X0_T_70_1-200-448916:3',
#56610,#56627,'GB_X2_2571_X0_T_70_1-200-448916:3');
#132=NEXT_ASSEMBLY_USAGE_OCCURRENCE('GB_X2_2571_X0_T_70_1-200-448916:4',
'GB_X2_2571_X0_T_70_1-200-448916:4','GB_X2_2571_X0_T_70_1-200-448916:4',
#56610,#56627,'GB_X2_2571_X0_T_70_1-200-448916:4');
#133=NEXT_ASSEMBLY_USAGE_OCCURRENCE('GB_X2_2571_X0_T_70_1-200-448917:2',
'GB_X2_2571_X0_T_70_1-200-448917:2','GB_X2_2571_X0_T_70_1-200-448917:2',
#56610,#56628,'GB_X2_2571_X0_T_70_1-200-448917:2');
#134=NEXT_ASSEMBLY_USAGE_OCCURRENCE('GB_X2_2571_X0_T_70_1-200-448917:3',
'GB_X2_2571_X0_T_70_1-200-448917:3','GB_X2_2571_X0_T_70_1-200-448917:3',
#56610,#56628,'GB_X2_2571_X0_T_70_1-200-448917:3');
#135=NEXT_ASSEMBLY_USAGE_OCCURRENCE('7AWG_X2_62A47EBF73AF_X0_:2',
'7AWG_X2_62A47EBF73AF_X0_:2','7AWG_X2_62A47EBF73AF_X0_:2',#56610,#56629,
'7AWG_X2_62A47EBF73AF_X0_:2');
#136=NEXT_ASSEMBLY_USAGE_OCCURRENCE('7AWG_X2_62A47EBF73AF_X0_:3',
'7AWG_X2_62A47EBF73AF_X0_:3','7AWG_X2_62A47EBF73AF_X0_:3',#56610,#56629,
'7AWG_X2_62A47EBF73AF_X0_:3');
#137=NEXT_ASSEMBLY_USAGE_OCCURRENCE('7AWG_X2_62A47EBF73AF_X0_:4',
'7AWG_X2_62A47EBF73AF_X0_:4','7AWG_X2_62A47EBF73AF_X0_:4',#56610,#56629,
'7AWG_X2_62A47EBF73AF_X0_:4');
#138=NEXT_ASSEMBLY_USAGE_OCCURRENCE('7AWG_X2_62A47EBF73AF_X0_:5',
'7AWG_X2_62A47EBF73AF_X0_:5','7AWG_X2_62A47EBF73AF_X0_:5',#56610,#56629,
'7AWG_X2_62A47EBF73AF_X0_:5');
#139=NEXT_ASSEMBLY_USAGE_OCCURRENCE('GB_X2_2571_X0_T_70_1-200-448919:2',
'GB_X2_2571_X0_T_70_1-200-448919:2','GB_X2_2571_X0_T_70_1-200-448919:2',
#56610,#56630,'GB_X2_2571_X0_T_70_1-200-448919:2');
#140=NEXT_ASSEMBLY_USAGE_OCCURRENCE('GB_X2_2571_X0_T_70_1-200-448919:3',
'GB_X2_2571_X0_T_70_1-200-448919:3','GB_X2_2571_X0_T_70_1-200-448919:3',
#56610,#56630,'GB_X2_2571_X0_T_70_1-200-448919:3');
#141=NEXT_ASSEMBLY_USAGE_OCCURRENCE('GB_X2_2571_X0_T_70_1-200-448919:4',
'GB_X2_2571_X0_T_70_1-200-448919:4','GB_X2_2571_X0_T_70_1-200-448919:4',
#56610,#56630,'GB_X2_2571_X0_T_70_1-200-448919:4');
#142=NEXT_ASSEMBLY_USAGE_OCCURRENCE(
'24250_PCBA_20240409_V1_OPENPPG_ASM:1',
'24250_PCBA_20240409_V1_OPENPPG_ASM:1',
'24250_PCBA_20240409_V1_OPENPPG_ASM:1',#56609,#56610,
'24250_PCBA_20240409_V1_OPENPPG_ASM:1');
#143=B_SPLINE_SURFACE_WITH_KNOTS('',3,3,((#54506,#54507,#54508,#54509),
(#54510,#54511,#54512,#54513),(#54514,#54515,#54516,#54517),(#54518,#54519,
#54520,#54521)),.UNSPECIFIED.,.F.,.F.,.F.,(4,4),(4,4),(-2.03218060089346E-5,
1.00000884610698),(0.,0.999998935623474),.UNSPECIFIED.);
#144=B_SPLINE_SURFACE_WITH_KNOTS('',3,3,((#54536,#54537,#54538,#54539),
(#54540,#54541,#54542,#54543),(#54544,#54545,#54546,#54547),(#54548,#54549,
#54550,#54551),(#54552,#54553,#54554,#54555),(#54556,#54557,#54558,#54559),
(#54560,#54561,#54562,#54563),(#54564,#54565,#54566,#54567)),
 .UNSPECIFIED.,.F.,.F.,.F.,(4,1,1,1,1,4),(4,4),(0.01813971710641,0.01824550546433,
0.1409648172813,0.2636841290983,0.5091227527322,0.9818601599984),(0.,0.9817017119075),
 .UNSPECIFIED.);
#145=B_SPLINE_SURFACE_WITH_KNOTS('',3,3,((#54898,#54899,#54900,#54901),
(#54902,#54903,#54904,#54905),(#54906,#54907,#54908,#54909),(#54910,#54911,
#54912,#54913)),.UNSPECIFIED.,.F.,.F.,.F.,(4,4),(4,4),(-2.03222950077242E-5,
1.00000884610645),(0.,0.99999893562342),.UNSPECIFIED.);
#146=B_SPLINE_SURFACE_WITH_KNOTS('',3,3,((#54928,#54929,#54930,#54931),
(#54932,#54933,#54934,#54935),(#54936,#54937,#54938,#54939),(#54940,#54941,
#54942,#54943),(#54944,#54945,#54946,#54947),(#54948,#54949,#54950,#54951),
(#54952,#54953,#54954,#54955),(#54956,#54957,#54958,#54959)),
 .UNSPECIFIED.,.F.,.F.,.F.,(4,1,1,1,1,4),(4,4),(0.0181397171059,0.0182455054638,
0.1409648172808,0.2636841290978,0.5091227527319,0.9818601599989),(0.,0.9817017119084),
 .UNSPECIFIED.);
#147=B_SPLINE_SURFACE_WITH_KNOTS('',3,3,((#55294,#55295,#55296,#55297),
(#55298,#55299,#55300,#55301),(#55302,#55303,#55304,#55305),(#55306,#55307,
#55308,#55309)),.UNSPECIFIED.,.F.,.F.,.F.,(4,4),(4,4),(-2.0318638176947E-5,
1.00000884610709),(0.,0.999998935623466),.UNSPECIFIED.);
#148=B_SPLINE_SURFACE_WITH_KNOTS('',3,3,((#55324,#55325,#55326,#55327),
(#55328,#55329,#55330,#55331),(#55332,#55333,#55334,#55335),(#55336,#55337,
#55338,#55339),(#55340,#55341,#55342,#55343),(#55344,#55345,#55346,#55347),
(#55348,#55349,#55350,#55351),(#55352,#55353,#55354,#55355)),
 .UNSPECIFIED.,.F.,.F.,.F.,(4,1,1,1,1,4),(4,4),(0.01813971710688,0.01824550546479,
0.1409648172817,0.2636841290986,0.5091227527324,0.9818601599979),(0.,0.981701711907),
 .UNSPECIFIED.);
#149=B_SPLINE_SURFACE_WITH_KNOTS('',3,3,((#55661,#55662,#55663,#55664),
(#55665,#55666,#55667,#55668),(#55669,#55670,#55671,#55672),(#55673,#55674,
#55675,#55676)),.UNSPECIFIED.,.F.,.F.,.F.,(4,4),(4,4),(-2.0319297153613E-5,
1.00000884610696),(0.,0.99999893562352),.UNSPECIFIED.);
#150=B_SPLINE_SURFACE_WITH_KNOTS('',3,3,((#55691,#55692,#55693,#55694),
(#55695,#55696,#55697,#55698),(#55699,#55700,#55701,#55702),(#55703,#55704,
#55705,#55706),(#55707,#55708,#55709,#55710),(#55711,#55712,#55713,#55714),
(#55715,#55716,#55717,#55718),(#55719,#55720,#55721,#55722)),
 .UNSPECIFIED.,.F.,.F.,.F.,(4,1,1,1,1,4),(4,4),(0.01813971710602,0.01824550546394,
0.1409648172809,0.263684129098,0.509122752732,0.9818601599987),(0.,0.9817017119077),
 .UNSPECIFIED.);
#151=B_SPLINE_SURFACE_WITH_KNOTS('',3,3,((#56119,#56120,#56121,#56122),
(#56123,#56124,#56125,#56126),(#56127,#56128,#56129,#56130),(#56131,#56132,
#56133,#56134)),.UNSPECIFIED.,.F.,.F.,.F.,(4,4),(4,4),(-2.03210320449327E-5,
1.00000884610704),(0.,0.999998935623419),.UNSPECIFIED.);
#152=B_SPLINE_SURFACE_WITH_KNOTS('',3,3,((#56149,#56150,#56151,#56152),
(#56153,#56154,#56155,#56156),(#56157,#56158,#56159,#56160),(#56161,#56162,
#56163,#56164),(#56165,#56166,#56167,#56168),(#56169,#56170,#56171,#56172),
(#56173,#56174,#56175,#56176),(#56177,#56178,#56179,#56180)),
 .UNSPECIFIED.,.F.,.F.,.F.,(4,1,1,1,1,4),(4,4),(0.0181397171057,0.01824550546363,
0.1409648172807,0.2636841290977,0.5091227527318,0.9818601599991),(0.,0.9817017119088),
 .UNSPECIFIED.);
#153=(
BOUNDED_SURFACE()
B_SPLINE_SURFACE(3,3,((#54308,#54309,#54310,#54311),(#54312,#54313,#54314,
#54315),(#54316,#54317,#54318,#54319),(#54320,#54321,#54322,#54323)),
 .UNSPECIFIED.,.F.,.F.,.F.)
B_SPLINE_SURFACE_WITH_KNOTS((4,4),(4,4),(-0.0003607759557598,1.00003813514128),
(-3.93778483397177E-5,1.0000001415),.UNSPECIFIED.)
GEOMETRIC_REPRESENTATION_ITEM()
RATIONAL_B_SPLINE_SURFACE(((0.999998937127494,1.00899665897783,1.01407693628996,
1.015239769063),(1.00000263925139,0.977660119865964,0.96504512729201,0.962157661529727),
(1.00000634137518,0.946323580754203,0.916013318294559,0.909075553996554),
(1.00001004349998,0.914987041642441,0.866981509297008,0.85599344646328)))
REPRESENTATION_ITEM('')
SURFACE()
);
#154=(
BOUNDED_SURFACE()
B_SPLINE_SURFACE(3,3,((#54389,#54390,#54391,#54392),(#54393,#54394,#54395,
#54396),(#54397,#54398,#54399,#54400),(#54401,#54402,#54403,#54404)),
 .UNSPECIFIED.,.F.,.F.,.F.)
B_SPLINE_SURFACE_WITH_KNOTS((4,4),(4,4),(0.,1.),(0.,1.),.UNSPECIFIED.)
GEOMETRIC_REPRESENTATION_ITEM()
RATIONAL_B_SPLINE_SURFACE(((1.,0.9037155257151,0.9037155257151,1.),(0.951999840529,
0.8830606306697,0.8990606838267,1.),(0.9039996810579,0.8624057356243,0.8944058419383,
1.),(0.8559995215869,0.8417508405789,0.8897510000499,1.)))
REPRESENTATION_ITEM('')
SURFACE()
);
#155=(
BOUNDED_SURFACE()
B_SPLINE_SURFACE(3,3,((#54420,#54421,#54422,#54423),(#54424,#54425,#54426,
#54427),(#54428,#54429,#54430,#54431),(#54432,#54433,#54434,#54435)),
 .UNSPECIFIED.,.F.,.F.,.F.)
B_SPLINE_SURFACE_WITH_KNOTS((4,4),(4,4),(0.,1.),(0.,1.),.UNSPECIFIED.)
GEOMETRIC_REPRESENTATION_ITEM()
RATIONAL_B_SPLINE_SURFACE(((1.,0.951999840529,0.9039996810579,0.8559995215869),
(0.9037155257151,0.8830606306697,0.8624057356243,0.8417508405789),(0.9037155257151,
0.8990606838267,0.8944058419383,0.8897510000499),(1.,1.,1.,1.)))
REPRESENTATION_ITEM('')
SURFACE()
);
#156=(
BOUNDED_SURFACE()
B_SPLINE_SURFACE(3,3,((#54484,#54485,#54486,#54487),(#54488,#54489,#54490,
#54491),(#54492,#54493,#54494,#54495),(#54496,#54497,#54498,#54499)),
 .UNSPECIFIED.,.F.,.F.,.F.)
B_SPLINE_SURFACE_WITH_KNOTS((4,4),(4,4),(-1.963965774159E-7,1.000000148539),
(-0.0003607492431715,0.9999999999823),.UNSPECIFIED.)
GEOMETRIC_REPRESENTATION_ITEM()
RATIONAL_B_SPLINE_SURFACE(((0.999999994699,1.000000013162,1.000000031626,
1.000000050089),(1.008997055319,0.9776603245993,0.9463235938793,0.9149868631594),
(1.014076979094,0.9650468811816,0.9160167832688,0.866986685356),(1.015239766024,
0.9621596829091,0.909079599794,0.8559995166788)))
REPRESENTATION_ITEM('')
SURFACE()
);
#157=(
BOUNDED_SURFACE()
B_SPLINE_SURFACE(3,3,((#54700,#54701,#54702,#54703),(#54704,#54705,#54706,
#54707),(#54708,#54709,#54710,#54711),(#54712,#54713,#54714,#54715)),
 .UNSPECIFIED.,.F.,.F.,.F.)
B_SPLINE_SURFACE_WITH_KNOTS((4,4),(4,4),(-0.0003607759556228,1.00003813514075),
(-3.93778471398554E-5,1.0000001415),.UNSPECIFIED.)
GEOMETRIC_REPRESENTATION_ITEM()
RATIONAL_B_SPLINE_SURFACE(((0.999998937127511,1.00899665897783,1.01407693628996,
1.015239769063),(1.00000263925135,0.977660119865965,0.965045127292034,0.962157661529755),
(1.00000634137509,0.946323580754099,0.916013318294608,0.909075553996611),
(1.00001004349882,0.914987041642333,0.866981509297081,0.855993446463466)))
REPRESENTATION_ITEM('')
SURFACE()
);
#158=(
BOUNDED_SURFACE()
B_SPLINE_SURFACE(3,3,((#54781,#54782,#54783,#54784),(#54785,#54786,#54787,
#54788),(#54789,#54790,#54791,#54792),(#54793,#54794,#54795,#54796)),
 .UNSPECIFIED.,.F.,.F.,.F.)
B_SPLINE_SURFACE_WITH_KNOTS((4,4),(4,4),(0.,1.),(0.,1.),.UNSPECIFIED.)
GEOMETRIC_REPRESENTATION_ITEM()
RATIONAL_B_SPLINE_SURFACE(((1.,0.9037155257151,0.9037155257151,1.),(0.951999840529,
0.8830606306697,0.8990606838267,1.),(0.9039996810579,0.8624057356243,0.8944058419383,
1.),(0.8559995215869,0.8417508405789,0.8897510000499,1.)))
REPRESENTATION_ITEM('')
SURFACE()
);
#159=(
BOUNDED_SURFACE()
B_SPLINE_SURFACE(3,3,((#54812,#54813,#54814,#54815),(#54816,#54817,#54818,
#54819),(#54820,#54821,#54822,#54823),(#54824,#54825,#54826,#54827)),
 .UNSPECIFIED.,.F.,.F.,.F.)
B_SPLINE_SURFACE_WITH_KNOTS((4,4),(4,4),(0.,1.),(0.,1.),.UNSPECIFIED.)
GEOMETRIC_REPRESENTATION_ITEM()
RATIONAL_B_SPLINE_SURFACE(((1.,0.951999840529,0.9039996810579,0.8559995215869),
(0.9037155257151,0.8830606306697,0.8624057356243,0.8417508405789),(0.9037155257151,
0.8990606838267,0.8944058419383,0.8897510000499),(1.,1.,1.,1.)))
REPRESENTATION_ITEM('')
SURFACE()
);
#160=(
BOUNDED_SURFACE()
B_SPLINE_SURFACE(3,3,((#54876,#54877,#54878,#54879),(#54880,#54881,#54882,
#54883),(#54884,#54885,#54886,#54887),(#54888,#54889,#54890,#54891)),
 .UNSPECIFIED.,.F.,.F.,.F.)
B_SPLINE_SURFACE_WITH_KNOTS((4,4),(4,4),(-1.963965689696E-7,1.000000148539),
(-0.0003607492432563,0.9999999999823),.UNSPECIFIED.)
GEOMETRIC_REPRESENTATION_ITEM()
RATIONAL_B_SPLINE_SURFACE(((0.999999994699,1.000000013162,1.000000031626,
1.000000050089),(1.008997055319,0.9776603245993,0.9463235938793,0.9149868631594),
(1.014076979094,0.9650468811816,0.9160167832688,0.866986685356),(1.015239766024,
0.9621596829091,0.909079599794,0.8559995166788)))
REPRESENTATION_ITEM('')
SURFACE()
);
#161=(
BOUNDED_SURFACE()
B_SPLINE_SURFACE(3,3,((#55096,#55097,#55098,#55099),(#55100,#55101,#55102,
#55103),(#55104,#55105,#55106,#55107),(#55108,#55109,#55110,#55111)),
 .UNSPECIFIED.,.F.,.F.,.F.)
B_SPLINE_SURFACE_WITH_KNOTS((4,4),(4,4),(-0.0003607759565312,1.00003813514175),
(-3.93778488254384E-5,1.0000001415),.UNSPECIFIED.)
GEOMETRIC_REPRESENTATION_ITEM()
RATIONAL_B_SPLINE_SURFACE(((0.999998937127483,1.00899665897782,1.01407693628996,
1.015239769063),(1.00000263925142,0.977660119865959,0.965045127292088,0.962157661529802),
(1.00000634137525,0.946323580754197,0.916013318294516,0.909075553996504),
(1.00001004350008,0.914987041642435,0.866981509296944,0.855993446463206)))
REPRESENTATION_ITEM('')
SURFACE()
);
#162=(
BOUNDED_SURFACE()
B_SPLINE_SURFACE(3,3,((#55177,#55178,#55179,#55180),(#55181,#55182,#55183,
#55184),(#55185,#55186,#55187,#55188),(#55189,#55190,#55191,#55192)),
 .UNSPECIFIED.,.F.,.F.,.F.)
B_SPLINE_SURFACE_WITH_KNOTS((4,4),(4,4),(0.,1.),(0.,1.),.UNSPECIFIED.)
GEOMETRIC_REPRESENTATION_ITEM()
RATIONAL_B_SPLINE_SURFACE(((1.,0.9037155257151,0.9037155257151,1.),(0.951999840529,
0.8830606306697,0.8990606838267,1.),(0.9039996810579,0.8624057356243,0.8944058419383,
1.),(0.8559995215869,0.8417508405789,0.8897510000499,1.)))
REPRESENTATION_ITEM('')
SURFACE()
);
#163=(
BOUNDED_SURFACE()
B_SPLINE_SURFACE(3,3,((#55208,#55209,#55210,#55211),(#55212,#55213,#55214,
#55215),(#55216,#55217,#55218,#55219),(#55220,#55221,#55222,#55223)),
 .UNSPECIFIED.,.F.,.F.,.F.)
B_SPLINE_SURFACE_WITH_KNOTS((4,4),(4,4),(0.,1.),(0.,1.),.UNSPECIFIED.)
GEOMETRIC_REPRESENTATION_ITEM()
RATIONAL_B_SPLINE_SURFACE(((1.,0.951999840529,0.9039996810579,0.8559995215869),
(0.9037155257151,0.8830606306697,0.8624057356243,0.8417508405789),(0.9037155257151,
0.8990606838267,0.8944058419383,0.8897510000499),(1.,1.,1.,1.)))
REPRESENTATION_ITEM('')
SURFACE()
);
#164=(
BOUNDED_SURFACE()
B_SPLINE_SURFACE(3,3,((#55272,#55273,#55274,#55275),(#55276,#55277,#55278,
#55279),(#55280,#55281,#55282,#55283),(#55284,#55285,#55286,#55287)),
 .UNSPECIFIED.,.F.,.F.,.F.)
B_SPLINE_SURFACE_WITH_KNOTS((4,4),(4,4),(-1.963965250257E-7,1.000000148539),
(-0.0003607492429852,0.9999999999823),.UNSPECIFIED.)
GEOMETRIC_REPRESENTATION_ITEM()
RATIONAL_B_SPLINE_SURFACE(((0.999999994699,1.000000013162,1.000000031626,
1.000000050089),(1.008997055319,0.9776603245993,0.9463235938793,0.9149868631594),
(1.014076979094,0.9650468811815,0.9160167832688,0.866986685356),(1.015239766024,
0.9621596829091,0.9090795997939,0.8559995166788)))
REPRESENTATION_ITEM('')
SURFACE()
);
#165=(
BOUNDED_SURFACE()
B_SPLINE_SURFACE(3,3,((#55463,#55464,#55465,#55466),(#55467,#55468,#55469,
#55470),(#55471,#55472,#55473,#55474),(#55475,#55476,#55477,#55478)),
 .UNSPECIFIED.,.F.,.F.,.F.)
B_SPLINE_SURFACE_WITH_KNOTS((4,4),(4,4),(-0.0003607759563859,1.00003813514126),
(-3.93778486099409E-5,1.000000142115),.UNSPECIFIED.)
GEOMETRIC_REPRESENTATION_ITEM()
RATIONAL_B_SPLINE_SURFACE(((0.999998937127395,1.00899665898283,1.01407693629596,
1.015239769065),(1.00000263925139,0.977660119852262,0.96504512727661,0.962157661524428),
(1.00000634137518,0.946323580721199,0.916013318257258,0.909075553983755),
(1.00001004349997,0.914987041590135,0.866981509237907,0.855993446443083)))
REPRESENTATION_ITEM('')
SURFACE()
);
#166=(
BOUNDED_SURFACE()
B_SPLINE_SURFACE(3,3,((#55544,#55545,#55546,#55547),(#55548,#55549,#55550,
#55551),(#55552,#55553,#55554,#55555),(#55556,#55557,#55558,#55559)),
 .UNSPECIFIED.,.F.,.F.,.F.)
B_SPLINE_SURFACE_WITH_KNOTS((4,4),(4,4),(0.,1.),(0.,1.),.UNSPECIFIED.)
GEOMETRIC_REPRESENTATION_ITEM()
RATIONAL_B_SPLINE_SURFACE(((1.,0.9037155257151,0.9037155257151,1.),(0.951999840529,
0.8830606306697,0.8990606838267,1.),(0.9039996810579,0.8624057356243,0.8944058419383,
1.),(0.8559995215869,0.8417508405789,0.8897510000499,1.)))
REPRESENTATION_ITEM('')
SURFACE()
);
#167=(
BOUNDED_SURFACE()
B_SPLINE_SURFACE(3,3,((#55575,#55576,#55577,#55578),(#55579,#55580,#55581,
#55582),(#55583,#55584,#55585,#55586),(#55587,#55588,#55589,#55590)),
 .UNSPECIFIED.,.F.,.F.,.F.)
B_SPLINE_SURFACE_WITH_KNOTS((4,4),(4,4),(0.,1.),(0.,1.),.UNSPECIFIED.)
GEOMETRIC_REPRESENTATION_ITEM()
RATIONAL_B_SPLINE_SURFACE(((1.,0.951999840529,0.9039996810579,0.8559995215869),
(0.9037155257151,0.8830606306697,0.8624057356243,0.8417508405789),(0.9037155257151,
0.8990606838267,0.8944058419383,0.8897510000499),(1.,1.,1.,1.)))
REPRESENTATION_ITEM('')
SURFACE()
);
#168=(
BOUNDED_SURFACE()
B_SPLINE_SURFACE(3,3,((#55639,#55640,#55641,#55642),(#55643,#55644,#55645,
#55646),(#55647,#55648,#55649,#55650),(#55651,#55652,#55653,#55654)),
 .UNSPECIFIED.,.F.,.F.,.F.)
B_SPLINE_SURFACE_WITH_KNOTS((4,4),(4,4),(-1.96396561595E-7,1.000000148539),
(-0.0003607492433883,0.9999999999823),.UNSPECIFIED.)
GEOMETRIC_REPRESENTATION_ITEM()
RATIONAL_B_SPLINE_SURFACE(((0.999999994699,1.000000013162,1.000000031626,
1.000000050089),(1.008997055319,0.9776603245993,0.9463235938793,0.9149868631594),
(1.014076979094,0.9650468811816,0.9160167832688,0.866986685356),(1.015239766024,
0.9621596829091,0.909079599794,0.8559995166788)))
REPRESENTATION_ITEM('')
SURFACE()
);
#169=(
BOUNDED_SURFACE()
B_SPLINE_SURFACE(3,3,((#55921,#55922,#55923,#55924),(#55925,#55926,#55927,
#55928),(#55929,#55930,#55931,#55932),(#55933,#55934,#55935,#55936)),
 .UNSPECIFIED.,.F.,.F.,.F.)
B_SPLINE_SURFACE_WITH_KNOTS((4,4),(4,4),(-0.0003607759557491,1.0000381351401),
(-3.93778467621246E-5,1.0000001415),.UNSPECIFIED.)
GEOMETRIC_REPRESENTATION_ITEM()
RATIONAL_B_SPLINE_SURFACE(((0.999998937127513,1.00899665897783,1.01407693628996,
1.015239769063),(1.00000263925134,0.977660119865983,0.965045127292066,0.96215766152979),
(1.00000634137507,0.946323580754133,0.91601331829467,0.909075553996679),
(1.00001004349879,0.914987041642383,0.866981509297174,0.855993446463569)))
REPRESENTATION_ITEM('')
SURFACE()
);
#170=(
BOUNDED_SURFACE()
B_SPLINE_SURFACE(3,3,((#56002,#56003,#56004,#56005),(#56006,#56007,#56008,
#56009),(#56010,#56011,#56012,#56013),(#56014,#56015,#56016,#56017)),
 .UNSPECIFIED.,.F.,.F.,.F.)
B_SPLINE_SURFACE_WITH_KNOTS((4,4),(4,4),(0.,1.),(0.,1.),.UNSPECIFIED.)
GEOMETRIC_REPRESENTATION_ITEM()
RATIONAL_B_SPLINE_SURFACE(((1.,0.9037155257151,0.9037155257151,1.),(0.951999840529,
0.8830606306697,0.8990606838267,1.),(0.9039996810579,0.8624057356243,0.8944058419383,
1.),(0.8559995215869,0.8417508405789,0.8897510000499,1.)))
REPRESENTATION_ITEM('')
SURFACE()
);
#171=(
BOUNDED_SURFACE()
B_SPLINE_SURFACE(3,3,((#56033,#56034,#56035,#56036),(#56037,#56038,#56039,
#56040),(#56041,#56042,#56043,#56044),(#56045,#56046,#56047,#56048)),
 .UNSPECIFIED.,.F.,.F.,.F.)
B_SPLINE_SURFACE_WITH_KNOTS((4,4),(4,4),(0.,1.),(0.,1.),.UNSPECIFIED.)
GEOMETRIC_REPRESENTATION_ITEM()
RATIONAL_B_SPLINE_SURFACE(((1.,0.951999840529,0.9039996810579,0.8559995215869),
(0.9037155257151,0.8830606306697,0.8624057356243,0.8417508405789),(0.9037155257151,
0.8990606838267,0.8944058419383,0.8897510000499),(1.,1.,1.,1.)))
REPRESENTATION_ITEM('')
SURFACE()
);
#172=(
BOUNDED_SURFACE()
B_SPLINE_SURFACE(3,3,((#56097,#56098,#56099,#56100),(#56101,#56102,#56103,
#56104),(#56105,#56106,#56107,#56108),(#56109,#56110,#56111,#56112)),
 .UNSPECIFIED.,.F.,.F.,.F.)
B_SPLINE_SURFACE_WITH_KNOTS((4,4),(4,4),(-1.963965725569E-7,1.000000148539),
(-0.0003607492431717,0.9999999999823),.UNSPECIFIED.)
GEOMETRIC_REPRESENTATION_ITEM()
RATIONAL_B_SPLINE_SURFACE(((0.999999994699,1.000000013162,1.000000031626,
1.000000050089),(1.008997055319,0.9776603245993,0.9463235938793,0.9149868631594),
(1.014076979094,0.9650468811815,0.9160167832688,0.866986685356),(1.015239766024,
0.9621596829091,0.909079599794,0.8559995166788)))
REPRESENTATION_ITEM('')
SURFACE()
);
#173=TOROIDAL_SURFACE('',#35708,3.80000000709,0.4999999999999);
#174=TOROIDAL_SURFACE('',#35717,3.80000000709,0.4999999999999);
#175=TOROIDAL_SURFACE('',#35730,4.3,1.2);
#176=TOROIDAL_SURFACE('',#35743,4.3,1.2);
#177=TOROIDAL_SURFACE('',#35751,16.15634757776,3.749999885695);
#178=TOROIDAL_SURFACE('',#35756,16.15634341872,3.749999885695);
#179=TOROIDAL_SURFACE('',#35771,17.7403798324,3.750000282909);
#180=TOROIDAL_SURFACE('',#35776,17.74037461131,3.750000284818);
#181=TOROIDAL_SURFACE('',#35790,2.9,0.7);
#182=TOROIDAL_SURFACE('',#35801,6.782894111862,3.749998831573);
#183=TOROIDAL_SURFACE('',#35806,6.782894111862,3.749998831565);
#184=TOROIDAL_SURFACE('',#35821,2.9,0.7);
#185=TOROIDAL_SURFACE('',#35835,16.0789067582,3.749999006527);
#186=TOROIDAL_SURFACE('',#35839,16.0789067582,3.749999006508);
#187=TOROIDAL_SURFACE('',#35854,2.9,0.7);
#188=TOROIDAL_SURFACE('',#35869,2.9,0.7);
#189=TOROIDAL_SURFACE('',#35879,16.83063623164,3.749999904);
#190=TOROIDAL_SURFACE('',#35884,16.83063877714,3.749999904);
#191=TOROIDAL_SURFACE('',#35898,2.9,0.7);
#192=TOROIDAL_SURFACE('',#35924,1.35,0.1);
#193=TOROIDAL_SURFACE('',#35932,2.15,0.1);
#194=TOROIDAL_SURFACE('',#35951,1.35,0.1);
#195=TOROIDAL_SURFACE('',#35959,2.15,0.1);
#196=TOROIDAL_SURFACE('',#35974,4.8,1.2);
#197=TOROIDAL_SURFACE('',#35987,4.8,1.2);
#198=TOROIDAL_SURFACE('',#36001,1.6,0.1);
#199=TOROIDAL_SURFACE('',#36008,2.9,0.1);
#200=B_SPLINE_CURVE_WITH_KNOTS('',3,(#52699,#52700,#52701,#52702,#52703),
 .UNSPECIFIED.,.F.,.F.,(4,1,4),(0.0121588369201076,0.5,1.),
 .UNSPECIFIED.);
#201=B_SPLINE_CURVE_WITH_KNOTS('',3,(#53012,#53013,#53014,#53015,#53016),
 .UNSPECIFIED.,.F.,.F.,(4,1,4),(0.,0.5,0.987841154415657),.UNSPECIFIED.);
#202=B_SPLINE_CURVE_WITH_KNOTS('',3,(#54210,#54211,#54212,#54213,#54214,
#54215,#54216,#54217,#54218,#54219,#54220,#54221),.UNSPECIFIED.,.F.,.F.,
(4,2,2,2,2,4),(-0.123864986471576,-0.113244011845446,-0.102267474890079,
-0.0784740862966608,-0.0255048103839327,0.),.UNSPECIFIED.);
#203=B_SPLINE_CURVE_WITH_KNOTS('',3,(#54227,#54228,#54229,#54230,#54231,
#54232,#54233,#54234,#54235,#54236,#54237,#54238),.UNSPECIFIED.,.F.,.F.,
(4,2,2,2,2,4),(-0.0914768730986309,-0.0726339932544719,-0.0335194314341558,
-0.0159490257542557,-0.00784326104894616,-2.49789405826206E-8),
 .UNSPECIFIED.);
#204=B_SPLINE_CURVE_WITH_KNOTS('',3,(#54245,#54246,#54247,#54248,#54249,
#54250,#54251,#54252,#54253,#54254,#54255,#54256,#54257,#54258,#54259,#54260,
#54261,#54262,#54263,#54264,#54265,#54266,#54267,#54268),.UNSPECIFIED.,
 .F.,.F.,(4,2,2,2,2,2,2,2,2,2,2,4),(0.,0.00115644599279286,0.00843445310637735,
0.0117438582605782,0.0138115395139648,0.015760540400954,0.0184402989348065,
0.0246565030499523,0.0367595996261228,0.0516515756017585,0.0728169506179317,
0.0906931810861235),.UNSPECIFIED.);
#205=B_SPLINE_CURVE_WITH_KNOTS('',3,(#54270,#54271,#54272,#54273,#54274,
#54275,#54276,#54277,#54278,#54279),.UNSPECIFIED.,.F.,.F.,(4,3,3,4),(0.,
0.3333333333333,0.6666666666667,0.99997353866334),.UNSPECIFIED.);
#206=B_SPLINE_CURVE_WITH_KNOTS('',3,(#54284,#54285,#54286,#54287,#54288,
#54289,#54290,#54291,#54292,#54293,#54294,#54295,#54296,#54297,#54298,#54299,
#54300,#54301,#54302,#54303,#54304,#54305,#54306,#54307),.UNSPECIFIED.,
 .F.,.F.,(4,2,2,2,2,2,2,2,2,2,2,4),(-0.206437822315041,-0.204292935706187,
-0.187244030256284,-0.179707337519705,-0.174999751279401,-0.170563222359011,
-0.164464630493295,-0.150324169029393,-0.122778136272014,-0.0888938836911387,
-0.0407019741850227,-1.04861736516249E-7),.UNSPECIFIED.);
#207=B_SPLINE_CURVE_WITH_KNOTS('',3,(#54325,#54326,#54327,#54328,#54329,
#54330,#54331,#54332,#54333,#54334,#54335,#54336,#54337,#54338,#54339,#54340,
#54341,#54342,#54343,#54344,#54345,#54346,#54347,#54348,#54349,#54350,#54351,
#54352,#54353,#54354,#54355,#54356,#54357,#54358,#54359,#54360,#54361),
 .UNSPECIFIED.,.F.,.F.,(4,3,3,3,3,3,3,3,3,3,3,3,4),(0.,0.114471517152045,
0.226380509648678,0.25,0.359304930776279,0.466144238902021,0.5,0.604279808006511,
0.70616642924789,0.75,0.849166534603463,0.946065003456667,1.),
 .UNSPECIFIED.);
#208=B_SPLINE_CURVE_WITH_KNOTS('',3,(#54363,#54364,#54365,#54366,#54367,
#54368,#54369,#54370,#54371,#54372,#54373,#54374,#54375,#54376,#54377,#54378,
#54379,#54380,#54381,#54382,#54383,#54384,#54385,#54386,#54387),
 .UNSPECIFIED.,.F.,.F.,(4,3,3,3,3,3,3,3,4),(5.3347399823597E-9,0.000109544866485154,
0.127251124495805,0.254499165314732,0.44817518136831,0.50921500926339,0.702123524917523,
0.894949879533119,1.),.UNSPECIFIED.);
#209=B_SPLINE_CURVE_WITH_KNOTS('',3,(#54406,#54407,#54408,#54409,#54410,
#54411,#54412,#54413,#54414,#54415),.UNSPECIFIED.,.F.,.F.,(4,2,2,2,4),(-0.362228102781981,
-0.274618652994459,-0.181113794318244,-0.0911502062947023,-2.7638832500454E-8),
 .UNSPECIFIED.);
#210=B_SPLINE_CURVE_WITH_KNOTS('',3,(#54416,#54417,#54418,#54419),
 .UNSPECIFIED.,.F.,.F.,(4,4),(0.,1.),.UNSPECIFIED.);
#211=B_SPLINE_CURVE_WITH_KNOTS('',3,(#54437,#54438,#54439,#54440,#54441,
#54442,#54443,#54444,#54445,#54446),.UNSPECIFIED.,.F.,.F.,(4,2,2,2,4),(-0.362228063973687,
-0.271077888080396,-0.181114302785275,-0.0876094470416357,0.),
 .UNSPECIFIED.);
#212=B_SPLINE_CURVE_WITH_KNOTS('',3,(#54447,#54448,#54449,#54450,#54451,
#54452,#54453,#54454,#54455,#54456,#54457,#54458,#54459,#54460,#54461,#54462,
#54463,#54464,#54465,#54466,#54467,#54468,#54469,#54470,#54471,#54472,#54473,
#54474,#54475,#54476,#54477,#54478,#54479,#54480,#54481,#54482,#54483),
 .UNSPECIFIED.,.F.,.F.,(4,3,3,3,3,3,3,3,3,3,3,3,4),(0.,0.0965835063723863,
0.195407786509512,0.25,0.351737546057845,0.455809473286415,0.5,0.606692336811971,
0.715884642681356,0.75,0.861806059893077,0.976097269806668,0.999999981320901),
 .UNSPECIFIED.);
#213=B_SPLINE_CURVE_WITH_KNOTS('',3,(#54502,#54503,#54504,#54505),
 .UNSPECIFIED.,.F.,.F.,(4,4),(1.97928876857281E-7,1.),.UNSPECIFIED.);
#214=B_SPLINE_CURVE_WITH_KNOTS('',3,(#54523,#54524,#54525,#54526,#54527,
#54528,#54529,#54530),.UNSPECIFIED.,.F.,.F.,(4,2,2,4),(-0.403638320781727,
-0.201388615011728,0.,0.000861841122270946),.UNSPECIFIED.);
#215=B_SPLINE_CURVE_WITH_KNOTS('',3,(#54602,#54603,#54604,#54605,#54606,
#54607,#54608,#54609,#54610,#54611,#54612,#54613),.UNSPECIFIED.,.F.,.F.,
(4,2,2,2,2,4),(-0.123864986466445,-0.113244011841009,-0.102267474885949,
-0.0784740862939446,-0.025504810379326,0.),.UNSPECIFIED.);
#216=B_SPLINE_CURVE_WITH_KNOTS('',3,(#54619,#54620,#54621,#54622,#54623,
#54624,#54625,#54626,#54627,#54628,#54629,#54630),.UNSPECIFIED.,.F.,.F.,
(4,2,2,2,2,4),(-0.0914768731016493,-0.0726339932588784,-0.0335194314351474,
-0.0159490257549281,-0.00784326104917023,-2.49788783129867E-8),
 .UNSPECIFIED.);
#217=B_SPLINE_CURVE_WITH_KNOTS('',3,(#54637,#54638,#54639,#54640,#54641,
#54642,#54643,#54644,#54645,#54646,#54647,#54648,#54649,#54650,#54651,#54652,
#54653,#54654,#54655,#54656,#54657,#54658,#54659,#54660),.UNSPECIFIED.,
 .F.,.F.,(4,2,2,2,2,2,2,2,2,2,2,4),(0.,0.00115644599144214,0.00843445310277736,
0.0117438582560943,0.0138115395086526,0.0157605403947419,0.0184402989274963,
0.0246565030400785,0.0367596000849707,0.0516515772024951,0.0728169539799512,
0.0906931867536211),.UNSPECIFIED.);
#218=B_SPLINE_CURVE_WITH_KNOTS('',3,(#54662,#54663,#54664,#54665,#54666,
#54667,#54668,#54669,#54670,#54671),.UNSPECIFIED.,.F.,.F.,(4,3,3,4),(0.,
0.3333333333333,0.6666666666667,0.999973538869733),.UNSPECIFIED.);
#219=B_SPLINE_CURVE_WITH_KNOTS('',3,(#54676,#54677,#54678,#54679,#54680,
#54681,#54682,#54683,#54684,#54685,#54686,#54687,#54688,#54689,#54690,#54691,
#54692,#54693,#54694,#54695,#54696,#54697,#54698,#54699),.UNSPECIFIED.,
 .F.,.F.,(4,2,2,2,2,2,2,2,2,2,2,4),(-0.206437825211588,-0.204292938516057,
-0.187244032394701,-0.179707339361433,-0.174999752935316,-0.170563223839775,
-0.16446463173373,-0.150324169711509,-0.12277813637543,-0.0888938836902978,
-0.0407019741851746,-1.04861765687358E-7),.UNSPECIFIED.);
#220=B_SPLINE_CURVE_WITH_KNOTS('',3,(#54717,#54718,#54719,#54720,#54721,
#54722,#54723,#54724,#54725,#54726,#54727,#54728,#54729,#54730,#54731,#54732,
#54733,#54734,#54735,#54736,#54737,#54738,#54739,#54740,#54741,#54742,#54743,
#54744,#54745,#54746,#54747,#54748,#54749,#54750,#54751,#54752,#54753),
 .UNSPECIFIED.,.F.,.F.,(4,3,3,3,3,3,3,3,3,3,3,3,4),(0.,0.114471517121551,
0.22638050957824,0.25,0.359304930806609,0.466144238943363,0.5,0.604279807993669,
0.706166429219157,0.75,0.849166534666155,0.946065003624406,1.),
 .UNSPECIFIED.);
#221=B_SPLINE_CURVE_WITH_KNOTS('',3,(#54755,#54756,#54757,#54758,#54759,
#54760,#54761,#54762,#54763,#54764,#54765,#54766,#54767,#54768,#54769,#54770,
#54771,#54772,#54773,#54774,#54775,#54776,#54777,#54778,#54779),
 .UNSPECIFIED.,.F.,.F.,(4,3,3,3,3,3,3,3,4),(5.33474536689516E-9,0.000109544866173619,
0.127251124259014,0.2544991649689,0.44817512273235,0.509215008963242,0.702123466777378,
0.894949763677941,1.),.UNSPECIFIED.);
#222=B_SPLINE_CURVE_WITH_KNOTS('',3,(#54798,#54799,#54800,#54801,#54802,
#54803,#54804,#54805,#54806,#54807),.UNSPECIFIED.,.F.,.F.,(4,2,2,2,4),(-0.362228102782422,
-0.274618652994778,-0.181113794318544,-0.0911502062947983,-2.76388330000543E-8),
 .UNSPECIFIED.);
